X = [-9.012182, -7.015616, -5.018834, -3.022369, -1.024921, 0.9722742, 2.970349, 4.967941, 6.98805, 8.985307];
Y = [-9.302717, -7.2489805, -5.2179365, -3.1667798, -1.2001588, 0.81753075, 2.8229475, 4.8834476, 6.8982224, 8.974023];
INL = [0, 0.05717039, 0.14860296, 0.2947271, 0.41002417, 0.5458157, 0.6889491, 0.8949909, 1.0956984, 1.3749495];
DNL = [-0.29053497, -0.23336458, -0.1991024, -0.14441085, -0.1752379, -0.15474343, -0.14740157, -0.08449316, -0.08982754, -0.0112838745];