X = [-9.009733, -7.012765, -5.015778, -3.01895, -1.021618, 0.9761108, 2.974253, 4.972409, 6.992146, 8.989277];
Y = [-9.040322, -7.0235476, -5.0219793, -3.0305777, -1.009171, 0.99359924, 2.976484, 4.973237, 7.0489945, 8.996505];
INL = [0, 0.019806385, 0.04419422, 0.06315565, 0.106191754, 0.15426928, 0.1870895, 0.21850687, 0.3059445, 0.3437615];
DNL = [-0.030589104, -0.010782719, -0.0062012672, -0.011627674, 0.012447, 0.01748842, 0.002231121, 0.00082826614, 0.056848526, 0.0072278976];