X = [-9.011665];
Y = [-9.234036];
INL = [0];
DNL = [-0.2223711];