X = [-10, -9.9, -9.799999];
Y = [10, 0, -10];
INL = [0, -10.1, -30.300001];
DNL = [20, 9.9, -0.20000076];